18
77
0 57 88 31 82 24 53 7 74 69 36 55 45 58 7 64 25 26
57 0 56 57 66 50 18 63 52 14 34 73 64 18 63 13 76 55
88 56 0 104 22 94 74 91 16 47 85 60 60 73 90 66 92 100
31 57 104 0 104 10 44 36 93 71 23 85 74 49 37 58 55 5
82 66 22 104 0 94 82 84 14 61 88 43 45 83 83 78 81 99
24 50 94 10 94 0 39 30 84 63 18 75 64 44 30 52 49 6
53 18 74 44 82 39 0 60 69 30 21 83 73 5 60 14 76 43
7 63 91 36 84 30 60 0 77 75 43 54 44 66 1 71 19 32
74 52 16 93 14 84 69 77 0 47 76 45 44 70 76 64 77 89
69 14 47 71 61 63 30 75 47 0 48 77 69 28 75 19 86 69
36 34 85 23 88 18 21 43 76 48 0 78 67 26 43 35 61 22
55 73 60 85 43 75 83 54 45 77 78 0 11 86 53 85 43 80
45 64 60 74 45 64 73 44 44 69 67 11 0 76 43 76 36 69
58 18 73 49 83 44 5 66 70 28 26 86 76 0 65 10 81 48
7 63 90 37 83 30 60 1 76 75 43 53 43 65 0 70 19 32
64 13 66 58 78 52 14 71 64 19 35 85 76 10 70 0 85 57
25 76 92 55 81 49 76 19 77 86 61 43 36 81 19 85 0 50
26 55 100 5 99 6 43 32 89 69 22 80 69 48 32 57 50 0
0 15 26 40 39 48 37 2 3 14 48 24 18 21 1 14 49 44
