10
75
0 12 22 15 30 45 50 55 60 70
12 0 14 18 25 40 47 52 58 67
22 14 0 10 20 35 42 47 55 63
15 18 10 0 17 32 38 44 50 60
30 25 20 17 0 20 28 35 42 50
45 40 35 32 20 0 15 22 30 38
50 47 42 38 28 15 0 12 20 28
55 52 47 44 35 22 12 0 10 18
60 58 55 50 42 30 20 10 0 15
70 67 63 60 50 38 28 18 15 0
0 10 15 12 8 10 15 18 20 22